track_id,Clutter,Cormorants,Pigeons,Ducks,Geese,Gulls,Birds of Prey,Waders,Songbirds
6868504,0.18369621438396372,0.029454370994182133,0.07737393633753656,0.17096125105309018,0.328637529914908,0.04483702270232117,0.017906544635230552,0.06785574922180579,0.07927738075696192
6868536,0.16847224685587373,0.032912001129702655,0.09251512109801821,0.21735753566396948,0.2408196213040132,0.06687189443284466,0.022488869689265157,0.07403549532415718,0.08452721450215575
6868565,0.11063338948240013,0.08263260836070872,0.060191344454670205,0.28920047721675235,0.31779031209373076,0.03434450414099259,0.01666726560217423,0.04623717999767553,0.04230291865089538
6868861,0.019958961821474726,0.26101191813132096,0.020523420699649,0.14134542609874362,0.4731219839006181,0.02317264664317925,0.01056447420838781,0.029535022883055706,0.020766145613570763
6869275,0.010521189291401594,0.09333933201191895,0.012887027021518069,0.044871643813412444,0.7402937240322397,0.024009609590565067,0.009784336584819645,0.04328134837451747,0.021011789279607125
6871418,0.031186142295667,0.12397509889752605,0.0697255056548001,0.46415209190829526,0.12701671513575213,0.06460412821658816,0.018869666518403133,0.048090331969815825,0.05238031940315226
6872996,0.3448087652588665,0.0340723940356486,0.03259515640669752,0.03232798732523114,0.09127696011041142,0.14182551578388874,0.14387140923255967,0.08155094937089953,0.09767086247579689
6873817,0.046247025567229684,0.17167856511945342,0.02482532594044635,0.06176525607170045,0.5312609591746462,0.049671628906929464,0.019443149801079546,0.06433431260044815,0.030773776818066628
6874023,0.008157695173025722,0.0731994356490899,0.027298843098659497,0.05679854661594802,0.04584435737501778,0.5189991026188003,0.07623153241969995,0.10535877668895781,0.0881117103608009
6875504,0.010195481523743409,0.1016010944261728,0.03960236024952129,0.048510083302489154,0.022617102647466338,0.16903291655217853,0.13775939120794797,0.059656616692754814,0.41102495339772577
6875899,0.020966651142690522,0.06306975788469338,0.03088031459454859,0.041514892547931295,0.020954015408207554,0.2427921179161307,0.2965364577615111,0.09149847648753902,0.19178731625674786
6877293,0.01717037688577099,0.037400555687063006,0.042858350560864775,0.10385953574060011,0.01679576612884571,0.03720869435134923,0.06367701587870765,0.0865827687614848,0.5944469360053136
6880408,0.016184555030532448,0.05166738720335036,0.01882374447860926,0.049781970215463454,0.020409202350374845,0.24205059504455692,0.36505932277727393,0.13415587115773803,0.10186735174210078
6880690,0.01577002399048346,0.02843277946697482,0.03793838601723921,0.05586684822226391,0.017839124209331314,0.31436035419810915,0.1284252401550471,0.16665347825344107,0.23471376548710987
6880833,0.017609110002690682,0.014854814464021215,0.027030111868299355,0.017923747713783075,0.006448342226155458,0.03620604170233088,0.45157405371392934,0.03516810717652441,0.3931856711322656
6880956,0.009759740805763514,0.14301245998207274,0.01897563996829597,0.06652459782079562,0.026690378647004253,0.49043259795742644,0.11736771931385533,0.05279720889506247,0.07443965660972372
6881733,0.007176705416458607,0.011341633456354406,0.009006802082848297,0.008296187475261665,0.007415275604676902,0.07778324912920791,0.7881394515322706,0.031649714114417804,0.059190981188503786
6885154,0.1231333518425517,0.20311810798184876,0.0261648347884741,0.09378302839255956,0.13488735239170876,0.13596291243091413,0.0652639299094566,0.11864312786211431,0.09904335440037208
6887294,0.12919443006081843,0.059424690873551345,0.18231674967214234,0.10450454677737162,0.03504139595620357,0.09392650262197645,0.05541246619518124,0.07669939312956063,0.2634798247131943
6887586,0.04812720588354645,0.021655823832069508,0.14710159118771865,0.2663369664742229,0.0173194277127139,0.03317154862504499,0.03911266102492604,0.0632381160254514,0.3639366592343062
6887600,0.041753769914483485,0.01567327689331066,0.16998859326013088,0.20060674218935776,0.015437421733786937,0.026901290203209628,0.038786775092428866,0.0631602927636056,0.4276918379496862
6887637,0.05217961802065607,0.15641231782791185,0.035063639163302095,0.13817949533675972,0.11588200758241632,0.08016698450872453,0.06785739553646061,0.07285354495102266,0.28140499707274613
6887702,0.02376269606482788,0.020207983773047066,0.05598790510156154,0.04196249732020886,0.010837412880334697,0.034085780388933576,0.20845953891677485,0.05602036177539751,0.548675823778914
6888243,0.048084963524268214,0.10047903084165141,0.06325628089608293,0.1076003014728479,0.045143195699361614,0.0662644252540138,0.06715141773153047,0.060727302197728705,0.44129308238251497
6888737,0.035485733901106854,0.029042521538075204,0.1277418342939959,0.2612032715799988,0.0256866984424369,0.04258891194008811,0.03257297313764807,0.07010902253264308,0.37556903263400715
6889024,0.021908920487389943,0.01061279257437392,0.02147575382125924,0.011810381947990431,0.006293003897522589,0.02918858190841993,0.5575061885502496,0.030446045411532636,0.31075833140126163
6890285,0.04772997722858201,0.09286722647332993,0.0297512683634803,0.038592410365906125,0.021943671623159022,0.19415046235910935,0.29895020150340496,0.11047547653380416,0.1655393055492241
6890416,0.017606592905174922,0.05370547378393169,0.08227898564993334,0.020599079292676393,0.011112780443832787,0.10536935671527811,0.29436090030564516,0.10759927628439973,0.30736755461912785
6890579,0.013436902505958798,0.015740461231202044,0.036508736642323625,0.01702630743186075,0.006839915057619323,0.031211119874367692,0.2664964308517642,0.033649013845417616,0.579091112559486
6890917,0.03848622271286806,0.014067670631751784,0.028327844223510024,0.012549603413137836,0.007440717495747276,0.04288045922590152,0.502700664974649,0.0373420128458335,0.3162048044766011
6891091,0.03197134702422909,0.020125705220794203,0.23893233972057404,0.2605355025638158,0.024943745227106972,0.030276226966633513,0.020326800153151487,0.05808628954564139,0.3148020435780535
6891208,0.02575788696621299,0.01703032307132351,0.054097344274211576,0.021719838698921155,0.007818116070436204,0.03735839626114429,0.26348518999566384,0.03804324982118294,0.5346896548409035
6891245,0.025058376231828484,0.01677084519101359,0.05825534388413356,0.026477382928863945,0.009845274781948849,0.03978292589160224,0.3196378764432498,0.042942637490575954,0.46122933715678344
6891309,0.009235740151365582,0.02244733663024351,0.03487629160342893,0.018017875954958747,0.008013077336615753,0.036113201267670904,0.18397334284948066,0.03725471200528126,0.6500684222009546
6891366,0.019469827708609617,0.011712960935442267,0.022017248724871253,0.011797271677715637,0.0063043425369103375,0.033674922914010905,0.4484936978490192,0.0244271706477421,0.4221025570056785
6891473,0.033948363723182204,0.01737682202898657,0.13831084859236897,0.12636131094799485,0.01414821363555221,0.03354075312817632,0.053200274120747085,0.05760889493302659,0.5255045188899652
6891484,0.019273266748681028,0.015000829031362023,0.03136691001143522,0.026143881059657946,0.008030279638137239,0.02846948283207763,0.16837546173284162,0.04362068678514249,0.6597192021606648
6891531,0.021595968291960133,0.01868389761254678,0.025806701993248464,0.02081169126896369,0.007737307748200477,0.03791502170569217,0.43840723132526627,0.04600108403847476,0.3830410960156473
6891557,0.01737025128514002,0.021286047403014548,0.10505931869781451,0.038293465181447134,0.010392018241119188,0.03171701775756693,0.11018149004831393,0.046650400991192886,0.6190499903943909
6891579,0.012300824668281437,0.016087651376844144,0.034532328625654876,0.017772827262994884,0.006762720031490514,0.027395410809850175,0.22393282780498133,0.02848977395826625,0.6327256354616364
6891867,0.0461558987987006,0.014272941229391784,0.026374856608747044,0.01706144432044687,0.009597192806902894,0.04145365593125222,0.588720158113942,0.04393906884467989,0.21242478334593665
6891888,0.014030379289167467,0.01796948670129018,0.04617280860031446,0.03658898024487335,0.009332086475115001,0.024749770057010973,0.08598571843302476,0.04828826908149595,0.7168825011177079
6892297,0.019326696983790005,0.009300946256889256,0.015278335416226387,0.01062065828586548,0.0058966626115926155,0.02527600547346724,0.6216642632557677,0.024918830949785496,0.2677176007666157
6892562,0.021331729933228565,0.012832061371986874,0.02131742122797075,0.012042187023208448,0.006255336862329352,0.030317194111658452,0.501667849937785,0.029076069529305193,0.3651601500025275
6892587,0.01981452968973025,0.014988323396734421,0.022443791411191603,0.018382768551017822,0.006798008151758639,0.03248840723975642,0.47797399553815395,0.04548223100028816,0.36162794502136875
6894293,0.01517996772028502,0.28610847420734,0.049294807151329986,0.1775850622146668,0.21423111731690048,0.07751532329245825,0.024312591579413286,0.07339963696033915,0.0823730195572671
6895609,0.014508588860802762,0.026905967187755696,0.0712154677315682,0.09930230599773937,0.01422761493127897,0.036208182222517905,0.05827713739661283,0.09500082276873936,0.5843539129029848
6895723,0.0966156590794416,0.01972934681467285,0.11995044048822559,0.06510903873057344,0.01815400539453078,0.08841019754071747,0.1863293128422125,0.09963071935403954,0.30607127975558623
6895905,0.0260902888565414,0.02374072574752359,0.09025283050718173,0.027999856716745614,0.015752028034308984,0.1390936194618888,0.251061806054319,0.09369857352370894,0.33231027109778194
6895906,0.08485616604031372,0.019209576509396552,0.16328402585218466,0.044757898482131,0.013944000376506874,0.08263333849772589,0.1936068031166684,0.08426993257642808,0.3134382585486449
6895927,0.12262045744631753,0.0346477275576244,0.12188533826809973,0.11982819528308582,0.02875912904228487,0.09959529579561463,0.1145048687730141,0.13041581087489945,0.2277431769590595
6895938,0.03341112494632958,0.027447664311372754,0.13441582951437042,0.03231907302838335,0.016628732923346188,0.153774888966383,0.21527601982943317,0.10285968151254266,0.2838669849678389
6895939,0.04465977673726608,0.022620135260716222,0.10165238856224117,0.03520828683500006,0.013947663656449135,0.14138677328136579,0.22797447436910026,0.09952237325706301,0.3130281280407983
6895948,0.01576025848438246,0.03530318721969966,0.11417325409725196,0.033051800240920956,0.019190853308784398,0.15356329184403933,0.1920069963062959,0.0991164853635372,0.33783387313508817
6895973,0.04360142961098265,0.022742203046600146,0.19573715451427534,0.05095827199421719,0.017168622349786944,0.08985813127888649,0.1406898707890364,0.12669379021313468,0.31255052620308016
6895974,0.03896180052728809,0.02250390755122033,0.08751125289459682,0.023642878263155098,0.012531015615846703,0.11842995032040884,0.280102402640047,0.07488569973770118,0.34143109244973596
6896754,0.02460512276409631,0.02339881222328356,0.058530784325665296,0.04310962908083284,0.011523573226649242,0.05307712998040017,0.27159321979458717,0.09174656089536681,0.4224151677091187
6897915,0.014003940607249129,0.14301125464550282,0.09431360331992826,0.08164947060554874,0.040118597168053945,0.09349653739978533,0.05719346076327817,0.08083119249546496,0.3953819429951887
6897964,0.22324872965520623,0.07290672576522807,0.09313421102083226,0.07108441413995414,0.05891782319275638,0.05674272908350131,0.06733216155619151,0.07496382357305935,0.2816693820132708
6899282,0.03440682269538838,0.01615418284103986,0.02475001976831372,0.01452243865707592,0.00962822544189842,0.07689933827649977,0.40803514031834565,0.058175604605783526,0.35742822739565466
6899294,0.014876493949538147,0.009390355896467736,0.012459036419228544,0.009232642550124123,0.0050756976871724774,0.024438911422868432,0.7250840667543144,0.032842588863457735,0.16660020645682844
6899376,0.009632621876868116,0.01835446035090928,0.03229144833704215,0.017305472632976264,0.007267487187584408,0.027024457094918113,0.21703484907464626,0.03318140044776371,0.6379078029972917
6899506,0.02831537639117627,0.01575573678110418,0.023718066127204784,0.014144355831547384,0.007643057958736076,0.09709212519838913,0.5205712947707435,0.06768678821301308,0.22507319872808554
6899530,0.029598098031520546,0.022858101422458088,0.04959253083476071,0.19841125000987606,0.018515090583922096,0.04910528461215609,0.06279528092105863,0.1599433936745704,0.4091809699096774
6899560,0.01393574528526123,0.020397227999361923,0.02456047042756046,0.030551353629146894,0.011602627991646566,0.1242887441199636,0.3746070894197428,0.11167719398220258,0.28837954714511393
6899670,0.04432006112141316,0.020581006240786875,0.032098583485805535,0.02115731561473142,0.0221422231225482,0.11783957583020428,0.130650929957116,0.08677861826508862,0.5244316863623059
6899695,0.020312859296966274,0.027327209690543863,0.0342966891601945,0.03226724296844925,0.021141093285287387,0.09139289065980198,0.07314799774007225,0.05489077920520587,0.6452232379934786
6899730,0.03238741318184403,0.022323881838659895,0.026738895450604844,0.0158077833506463,0.016207433743376427,0.12326647071632876,0.3488980796175215,0.07709161116110907,0.33727843093990917
6899754,0.07749371187956357,0.023688552931606755,0.05278802808129536,0.13322674632375325,0.037162298037848,0.08915175586128862,0.04412472586732745,0.07971203607779942,0.46265214493951756
6901206,0.015535850877133842,0.024856399098975572,0.04160937398015402,0.02636631077621195,0.01176434077951444,0.059163137791337105,0.2911961004979135,0.14077705552544323,0.3887314306733162
6902131,0.008751805048558771,0.035120086581290746,0.015500084878192485,0.018119827960982764,0.015584296223324256,0.4730545841616756,0.31012789420070813,0.05157246166182291,0.0721689592834444
6902271,0.06530737518475745,0.06927050231043033,0.14106314413323157,0.25879233305492794,0.06999347797023818,0.056819136436863406,0.026146417489272666,0.06867304013219229,0.2439345732880862
6904326,0.027106132394219107,0.015224814701559211,0.03063977290014206,0.023147099531573512,0.00958129464323845,0.036913871900233396,0.32765458981783896,0.0486643918075199,0.48106803230367534
6908023,0.00809422265099189,0.06501230180051358,0.025071804836344646,0.12726766646272347,0.07183401089688717,0.4077689265405497,0.04738866869686536,0.1936756373017372,0.05388676081338699
6908625,0.01166364305478601,0.01298921363442217,0.020393810342469603,0.009603485689683371,0.007904605984768293,0.06320033385102722,0.7057532163496871,0.03397303623904309,0.13451865485411302
6909657,0.016157784868984042,0.018418982420037602,0.021950036541475048,0.011416165566274675,0.006654177129596163,0.042670998111910344,0.42894457483217063,0.03590985568915248,0.41787742484039897
6909786,0.01758154077863843,0.018946522081125794,0.02450286340044034,0.01754396534926391,0.009048239713481072,0.04800837298967756,0.3985210351173789,0.062310689289770835,0.40353677128022314
6909952,0.014208105970460298,0.015358120141988289,0.02053332151248192,0.012004332166891056,0.006346752406548156,0.02706001810940728,0.4004266024387701,0.032419239378909344,0.47164350787454357
6910003,0.016431398125112344,0.009764826247887172,0.017553041595232056,0.010061720404692179,0.005816315996958433,0.02601488939957396,0.5699557487243078,0.02611433327343001,0.3182877262328062
6910407,0.008132865977440404,0.029613787491810862,0.012397860622939728,0.017685118968336022,0.020701938566849216,0.7204493495108096,0.0897860764167734,0.06388379149262426,0.037349210952416535
6910422,0.029332774387132825,0.015682368487902398,0.02059995699322708,0.01699973792434505,0.007108093317051649,0.05254640254556109,0.47119917043037596,0.04619174572346466,0.34033975019093926
6910425,0.0177603292318536,0.01185008164134229,0.021352518016679582,0.015168556655528432,0.007420590040646052,0.031111135102588772,0.5106404756178781,0.038716447079882275,0.34597986661360086
6910560,0.024082749659259738,0.02213617954020206,0.03454103739711155,0.10612765712582846,0.014140175794957405,0.049318602295219144,0.15018281346995693,0.134201385786692,0.46526939893077274
6910590,0.012312691746310951,0.009746375843272866,0.012899703373999821,0.01155123992139315,0.006151924257964722,0.029063146705541165,0.6889969086240408,0.029858340649447257,0.19941966887802917
6912744,0.006011028749501439,0.026130009852413323,0.011851724013553777,0.014571452169521881,0.02016119037638097,0.7509182275869213,0.07282727243938644,0.06505820021544965,0.03247089459687125
6919118,0.02380007629834697,0.026603191585315312,0.07966534409852649,0.05327028274290344,0.01304473177454252,0.06777660690207285,0.25061406978622275,0.08432908897800354,0.4008966078340661
6920152,0.024387993570728506,0.03044980247882111,0.05933070660791786,0.03468639227651375,0.012315919989425515,0.06571404963986831,0.361218403986794,0.07870354630173645,0.3331931851481945
6925791,0.01152549927000999,0.04870759322329568,0.02934335764048669,0.026816847038201586,0.019757981861491476,0.34843526415547954,0.2830210617834065,0.11051427069357837,0.12187812433405017
6926246,0.4129587372659279,0.04090046289433615,0.04014988427475563,0.0299616722110314,0.022600941206891274,0.19446559070650715,0.13099554112664175,0.055355142408905475,0.07261202790500315
6928841,0.02119705343736682,0.0804488245130426,0.060419202429816486,0.2733840122013589,0.19715482975777215,0.11530842060097937,0.027988004169598235,0.15833794006202248,0.06576171282804297
6928933,0.04225623867681517,0.17992180889952375,0.048818966793985376,0.048931550343896346,0.059229832673109196,0.2842926421752528,0.13429884201045228,0.061206690201089674,0.14104342822587546
6937241,0.03298861548213353,0.01628420440282176,0.048809544845513725,0.048759865490312825,0.009342502015191786,0.0331837344748584,0.08912546533693459,0.05838072036598472,0.6631253475862486
6938426,0.007470975812523564,0.02890316271749362,0.01295749252915982,0.015039522146723383,0.01453635378706899,0.6871004258764879,0.1417656769342002,0.041130779757188964,0.05109561043915358
6938530,0.010746167086463436,0.015030404387743116,0.008763049422861005,0.010652398234647309,0.009459545948005993,0.5132687185270041,0.3446534843740359,0.03957006440858264,0.047856167610656655
6938682,0.0174000975463316,0.02463851841781947,0.03018485990317321,0.01492216925885484,0.010082644132903829,0.06831544870095277,0.5334062145893915,0.07439585555057979,0.22665419189999308
6939166,0.008608820844974397,0.020382452373671887,0.010352127688434676,0.014153634991488662,0.013572984781942387,0.6196168154368913,0.21371942031580757,0.0472623171198332,0.052331426446955966
6939222,0.011745599715474255,0.010667833600937147,0.011851554842933066,0.007550939977913701,0.006802909808956395,0.09840820927226937,0.768948239220413,0.03792784771164831,0.0460968658494547
6944591,0.041506404154441096,0.02467900360913083,0.04653643713909828,0.015162472704675115,0.012441827829073214,0.11095267063078992,0.49255540423274435,0.04015194464827916,0.21601383505176805
6947293,0.010419099789318279,0.05794430395992478,0.062054343460508324,0.035116976103646946,0.022382046538516758,0.36445306262842164,0.06668177519816687,0.08654572875167268,0.2944026635698236
6952804,0.05603939001815683,0.0161722463228987,0.47113286855017067,0.05047879620516217,0.01536378602848793,0.048062786357722,0.041321058994916025,0.06532814091873008,0.23610092660375565
6975207,0.013586578506454273,0.016556622294993627,0.021334877379478766,0.011996327847815838,0.01220888652995876,0.6617810168207144,0.13795105397502277,0.04062299033385819,0.08396164631170326
6975472,0.006928096068472361,0.014233515494114104,0.012883607681511321,0.009664910739413269,0.009402168025256967,0.7806177551493793,0.07190524243411592,0.03143127441467565,0.06293342999306126
6975490,0.00787544272253728,0.012858619161185608,0.012394414003338194,0.009000241747329246,0.009768443966343378,0.7354159122764726,0.10944868747941976,0.03783538929159774,0.06540284935177619
6976427,0.007041625673790764,0.013904044976623443,0.00914713221150806,0.00928437913698128,0.009394878918084625,0.7714115400520682,0.09539427826971243,0.0377348514109488,0.04668726935028232
10551287,0.01949434592450617,0.10802107894065346,0.09739096245097145,0.1124884806485283,0.07302982630765212,0.14490786214991902,0.1330900935439939,0.1420042777826789,0.1695730722510967
10554874,0.3356674517658272,0.07969500946214442,0.04835864095656982,0.039666911492857435,0.08396513360124123,0.10726159641751887,0.09367636038293924,0.07816253617966935,0.13354635974123247
10555071,0.017461584033000344,0.045343442126524955,0.02900502774375399,0.021883543733642714,0.016027626118077443,0.07302653098334522,0.18443452841873012,0.11036477964826925,0.5024529371946559
10555459,0.013555017877020892,0.06506946359751292,0.0489848933521948,0.020118061910572853,0.023207975619286232,0.15763359092383003,0.18235677283461418,0.2866934327522795,0.20238079113268864
10555968,0.02055195719923137,0.09857958016561509,0.0247619387577395,0.4198295455889756,0.22714397085238303,0.040441002594528166,0.011196319844347854,0.1008503276391097,0.05664535735806966
10556692,0.019716093938825775,0.046493976691233875,0.024626046000314504,0.027188182004527835,0.0154747191772129,0.08059714953593844,0.3553537515988576,0.12931493075372646,0.30123515029936254
10557065,0.008673994588721335,0.25625501704899484,0.022946923325293998,0.14404427679333573,0.06800585262098643,0.24019198908492728,0.06318965477614938,0.10991145747639304,0.08678083428519794
10557235,0.012187972253556728,0.04726568200065925,0.02619058370413274,0.10112388868859705,0.048146146621824905,0.5078918923436596,0.0565560541273765,0.14838262924160323,0.05225515101858996
10557310,0.016656163758061445,0.12930248617047732,0.02783283940921132,0.04305346170936122,0.23351695665672217,0.10729281678700626,0.03656778736374362,0.058384221764837194,0.3473932663805794
10557603,0.017418889139503967,0.11824825587426221,0.03810976152625619,0.06405675891785048,0.05792806586696607,0.11858079138371438,0.06101809454707756,0.1367234644598821,0.387915918284487
10557649,0.01352749347521846,0.11420590553322887,0.033801550742928656,0.08620833408694982,0.08289396409814723,0.21962946015580115,0.04937074288324253,0.2616864441329479,0.1386761048915355
10559369,0.10425623379573672,0.1271391375883775,0.03291422786122443,0.03575903430308645,0.07741926811008368,0.21185033560171726,0.12205317700935388,0.10972510912321205,0.1788834766072081
10559516,0.020155336828231545,0.11297464376931718,0.02535867452055828,0.07517083218519467,0.07843785094460934,0.22793783178288743,0.13504617612941705,0.15427039875004597,0.17064825508973847
10559765,0.011311613430282471,0.146714397127311,0.02163442103350098,0.03865452832964379,0.03560495717685334,0.31356905661686674,0.19259466245640636,0.07482124863459708,0.1650951151945384
10559904,0.051077133449507574,0.16742634741311596,0.03951792710265188,0.07499490172102896,0.10590674665354767,0.11951581065845027,0.07313867533943216,0.17389590310638364,0.19452655455588186
10561136,0.07758053057375887,0.10476246921254895,0.03712572669313318,0.06184434026740725,0.20131599098909736,0.12057742675489265,0.04597447336099266,0.15333182344118107,0.19748721870698807
10561583,0.016356591189168622,0.04773907523831157,0.02878457745124837,0.031216768770359688,0.03006112182574321,0.18187572486259057,0.28945913776965354,0.19980873235126334,0.17469827054166104
10561870,0.014518956803447603,0.08725717960683972,0.02535439436070939,0.04160343025867997,0.04491380226700873,0.2308024432514142,0.21887848122832576,0.2212172931410735,0.11545401908250119
10562711,0.029366570363467275,0.14827073504488048,0.05412532830930532,0.17048667142729812,0.15963344614811945,0.04304463803431055,0.016817934578486925,0.09551858104490976,0.2827360950492221
10566953,0.009269218042122416,0.09994918686178901,0.02139291872565501,0.017676947021963273,0.018875978897061503,0.2905887159902973,0.34715733953641276,0.09865710980544365,0.09643258511925513
10567563,0.04685218345361976,0.12730177395467995,0.03840826480302639,0.05083008760916828,0.07872117116206132,0.11487216632809957,0.07258315829012348,0.1034523792290574,0.3669788151701639
10568512,0.03222760223486817,0.03677483517349825,0.020406778961889666,0.018980930551618737,0.013688264675579926,0.09401193487544836,0.47462527152436207,0.10470965334244371,0.2045747286602912
10569249,0.012968707560118883,0.0645017983315031,0.039560102869837924,0.038523355813041185,0.030512853594088802,0.1427997619062044,0.1460303667296004,0.16372726316138136,0.36137579003422393
10569900,0.024808238125168348,0.30587538796134994,0.03552399865675757,0.06819650703780074,0.3104304721633579,0.05921530158595116,0.031995242655220635,0.056102597406710676,0.10785225440768298
10569996,0.018735894678413266,0.04607848964387847,0.02055878952196844,0.019525169241298945,0.013470925259474431,0.12172251786227636,0.3765917699805601,0.12509184207503593,0.25822460173709405
10570047,0.013593741979583107,0.09979379161303271,0.04591105936710275,0.07301901414840203,0.07126500241555993,0.17144480337891602,0.10001024997919919,0.2839095745231346,0.14105276259506974
10570186,0.0413643682599638,0.21089517474891356,0.03405552008420259,0.0706140508136726,0.09777691463593294,0.15127158956398604,0.10547191760529162,0.1266935875293623,0.1618568767586745
10570190,0.011327813948441203,0.08238640848420219,0.018962230389178047,0.041562636112114325,0.028870034269755353,0.25096296876718344,0.32718960372566774,0.14566168664376308,0.09307661765969466
10570281,0.013889218250637336,0.050289466632272205,0.022751372959774196,0.025626686642746654,0.01884373812680919,0.13556609762875899,0.43386405105826525,0.13723707940949828,0.1619322892912379
10570444,0.2077276817658737,0.04890477623850793,0.041797082135933764,0.17813420639611977,0.058273234574297006,0.08680337489442977,0.03962450527691581,0.17213091335119177,0.16660422536673053
10570516,0.05682670225669238,0.14512265782369674,0.04468485702239648,0.06514684513474213,0.0894055008774773,0.13515098975748174,0.05670796702596108,0.1325002484798226,0.2744542316217296
10570563,0.01943201726075665,0.05356158955204373,0.02671075019351657,0.03009957734675218,0.020389784813674042,0.15381035855982317,0.3048671829602051,0.18990867866742164,0.20122006064580694
10570908,0.01091228954610629,0.04295854495347826,0.017122192599743326,0.026361092061356933,0.021268241870514105,0.17511311242488067,0.43679879446561315,0.17290338807276612,0.09656234400554117
10570962,0.012595919449196653,0.09690496355811337,0.04650958375582738,0.017939080442474765,0.02878647984113942,0.24030557872000635,0.08535835981639382,0.3054442949738565,0.1661557394429917
10571126,0.04217859266573892,0.033490121935025756,0.024985163130004727,0.023748372786345086,0.015246800876165381,0.11067212179819814,0.3505511100096112,0.09445893457067267,0.304668782228238
10571129,0.058660063997622344,0.10782765407780215,0.04026752254147827,0.20606151300494782,0.068765867791968,0.10871408846350779,0.03953755977892655,0.17848570901409275,0.19168002132965442
10571130,0.06573053799337716,0.10222859229843026,0.045782325824052394,0.16618253071612843,0.05791005417840023,0.08458185165417584,0.030762260852518354,0.12068574462874093,0.32613610185417635
10571150,0.10584934581941292,0.12071873591372424,0.047416989578324575,0.05854052329938018,0.0659448779370423,0.130777267704075,0.06126603635393627,0.16251183732401012,0.24697438607009445
10571157,0.030112414093153055,0.03681710383104202,0.021788025436648463,0.014020032997791015,0.012031529724176548,0.1400953993770353,0.3045527605677581,0.0678455443172868,0.3727371896551087
10571249,0.013759786930696866,0.04604722874524251,0.024024818530533877,0.01750939554929603,0.024597385573648062,0.19410828371639666,0.3440008546768155,0.19700306543782092,0.13894918083954966
10571563,0.02489826150659445,0.15175496081597872,0.040292175472279555,0.04014125258674989,0.1139284180184221,0.12578427508141643,0.0670626754730825,0.11790700836890926,0.31823097267656714
10571600,0.05494017047109515,0.20174303819529887,0.026557646490061038,0.046677127586024644,0.1204689645277813,0.18729045914423617,0.0825583128688922,0.1437544826432931,0.13600979807331753
10573894,0.013804187867340912,0.13080633308637582,0.03343064138902689,0.055481517906506815,0.06231446452037561,0.14213815303015614,0.08410805783433753,0.23329615865110717,0.24462048571477307
10574347,0.04566445727448969,0.056189892415928734,0.04836344861536539,0.09794105274630507,0.06827760328122805,0.10383566675844236,0.08693602941487302,0.15972136579312057,0.33307048370024706
10574370,0.02509600643561734,0.06098628545701994,0.035630275919986035,0.05267866462219589,0.042514289170547226,0.13096675851232475,0.15001613682909945,0.19323928617666117,0.3088722968765482
10574372,0.033061367293481414,0.03834933910710957,0.028666704926589757,0.023121388102954797,0.015872291503030666,0.12331600817579084,0.18702900348248713,0.09295343258419439,0.45763046482436137
10574408,0.03517620099680332,0.21335464056602232,0.05207683609854104,0.13787147026636704,0.14423390554564994,0.054432064483309006,0.01828192379866022,0.11257914076661883,0.23199381747802833
10574430,0.014463018292354014,0.0628816416823792,0.03322825976827988,0.054381457861946925,0.02849134168228814,0.08118019899255814,0.07306264743651035,0.16111985503794385,0.4911915792457394
10574439,0.023211168346594584,0.07554186293555054,0.03040569182467921,0.05102958401475947,0.03461208479058362,0.18143700197212612,0.245669138701814,0.1856921350828501,0.1724013323310424
10574456,0.03790621473834652,0.12485517465858202,0.0461743605502012,0.08781536824598626,0.0584276242230508,0.09779344349798848,0.03654416753169324,0.10625827916826422,0.4042253673858872
10576038,0.33894185692864365,0.07007359887791625,0.03626074809035299,0.03708695704138178,0.0936821963339591,0.16011230135957077,0.04669458757414603,0.10166252077146325,0.11548523302256615
10576770,0.04802101852965823,0.047564213556779214,0.05265459832915888,0.15926034128349617,0.042629438131754537,0.06325915768382362,0.035447886968566385,0.15797005914492626,0.39319328637183676
10577118,0.01297319444647578,0.11576875901102537,0.029113375865351405,0.024954919281488963,0.02599716456628598,0.26459604552653293,0.1822127705743582,0.15903956011990567,0.1853442106085758
10577354,0.037708832307477576,0.037489321445419714,0.024800164871336773,0.019463777438029108,0.01757709995550022,0.2049184617201892,0.2574941696610527,0.09485933160586135,0.3056888409951334
10577622,0.012733847146539384,0.09938795581034816,0.02423551061132398,0.035470986926888624,0.02679886497302623,0.25044748664917404,0.23308388463414662,0.10626619705604363,0.2115752661925093
10577723,0.06435244433343265,0.04590284434813856,0.04148058846981897,0.04248974042328711,0.041188883355547525,0.16444804347103253,0.14926150339858993,0.15118133063651257,0.29969462156364013
10578130,0.16100243623383748,0.1259421742535407,0.03888888817270742,0.05248826339098529,0.11894965151855667,0.12372675516674927,0.06044764398267405,0.17326890669459233,0.1452852805863567
10578295,0.02320729315949867,0.05555567619588773,0.021922498298154063,0.03419167049401391,0.022770244152139345,0.21158602042183353,0.3707184087727162,0.11348299179852042,0.1465651967072361
10579132,0.009782257730654989,0.03825401815327257,0.013955684236372643,0.01316588084546605,0.011184881181607795,0.14325465189020883,0.5612719110791168,0.07999398071515151,0.1291367341681489
10579372,0.010736732983260236,0.04418208662995917,0.024853452424080012,0.017351248435948603,0.019185772432402964,0.1451864367379157,0.4222973493805813,0.09857942002699077,0.21762750094886116
10579452,0.008535491557508965,0.18471475713359586,0.04095903826503027,0.24060733431559447,0.08479927961790713,0.12444818872939163,0.032120460757932866,0.15790459305445395,0.12591085656858486
10579754,0.010184304911534804,0.12097849910467166,0.04949190579308214,0.16817171851501558,0.10199633549785325,0.18402608793194236,0.03723132396305162,0.22497242428916367,0.10294739999368488
10580098,0.00798425177557142,0.07661701505240974,0.016665150449635173,0.018902378587760414,0.02809184374832672,0.3634373469965363,0.23469480475040502,0.1435414635221258,0.11006574511722933
10580150,0.020339215061952215,0.07417011664195484,0.07435805373514517,0.0857918841306865,0.07979768027337727,0.1046996151138472,0.07449279607531849,0.29710163478301377,0.18924900418470458
10580642,0.05260921980018536,0.12510669182820833,0.03554559667504884,0.05919080746408569,0.03501178718739386,0.1605207912767907,0.09044771047605045,0.15102386988340832,0.29054352540882855
10580740,0.03777850082143218,0.046259185854407574,0.029317494268204465,0.03146522945680075,0.020893540327958964,0.10989900199520339,0.3250141096082785,0.1491447887770077,0.2502281488907065
10580745,0.0258668489860165,0.04334531068278796,0.02688186279623393,0.028090941584894176,0.016793549909151766,0.10103460497386467,0.2841798495564007,0.1523409768177489,0.32146605469290146
10580771,0.028674348686713248,0.0910610598979956,0.04443672124030662,0.06798261504396166,0.05503407148257281,0.12786268812402687,0.08936612406106066,0.22435746043178675,0.27122491103157575
10580995,0.011285523713560558,0.06083617170714537,0.022248322968228033,0.02424860554605589,0.019210172363513207,0.09402175650274158,0.21571903016460342,0.11872363794259559,0.43370677909155636
10581310,0.017811244404494813,0.08621992485205422,0.02864301115715805,0.035877509773407076,0.03632512407463296,0.12981718785820134,0.23084079245756275,0.13023950810502116,0.30422569731746757
10581368,0.10122156357222711,0.052263301467999956,0.05118489082191985,0.21500877049357459,0.09145588816522895,0.05206330653836453,0.01629794571748768,0.1429985435478034,0.2775057896753939
10582173,0.09753118220465995,0.08657599680726542,0.03144035667107449,0.04249162217195921,0.05863120643321099,0.17739809904139064,0.11464579331524902,0.16869249630132316,0.22259324705386704
10582418,0.1914105239815364,0.07779666692359986,0.036287457678769536,0.035234953602345014,0.12002793574013033,0.15796101227701959,0.07745131614981457,0.13416317485898294,0.16966695878780175
10583009,0.010338950841091857,0.036330883298710946,0.0163294342214658,0.016925356241940737,0.018786342072222045,0.20515466061362594,0.5064499377838836,0.09956177891823184,0.09012265600882732
10583434,0.011819777106792426,0.3138583735451012,0.028646904837610686,0.04388584892239743,0.02564279224068831,0.19177512630287874,0.08160067681639269,0.05519320421972923,0.2475772960084092
10583521,0.009576882167729133,0.020567301167799413,0.011814867561029075,0.01374417999146966,0.010958470554316304,0.09723500626966883,0.6826259911089856,0.08645564591501481,0.06702165526398718
10584210,0.01157533610434564,0.060618826966696,0.028896528449122542,0.019777470032576756,0.014313207032400238,0.11239993605645285,0.23932208412839753,0.09500927128583507,0.4180873399441734
10584222,0.0299562359231031,0.05196381691300239,0.022060157619589734,0.018534030824414776,0.019300501108821592,0.2078237773866564,0.32329585304848385,0.10546477516635286,0.2216008520095753
10584314,0.012420837553308315,0.03180243012737074,0.021283240951078045,0.014916331178815172,0.009274115394281673,0.05649953498788035,0.24211285224445583,0.09476272856944976,0.5169279289933602
10584430,0.035846001218562094,0.03168590181710147,0.01912511179771506,0.022400568955741496,0.013490355653313874,0.10379812218081723,0.44374404619920493,0.09702435603584993,0.23288553614169394
10584519,0.013247329035849204,0.15137126229691514,0.024633068695460746,0.03501898365281149,0.06451233550895033,0.28306155103881325,0.12642385540936502,0.15338663194768826,0.14834498241414656
10584820,0.018270456199690765,0.3761364303683602,0.02133003785236609,0.0550435049299798,0.16015377330302938,0.15202227440842117,0.061696559996957334,0.05040587090404079,0.10494109203715456
10585136,0.0096011075484671,0.325081454605468,0.022327617973456663,0.038239260911797926,0.028779931616673787,0.29179084540453104,0.10315101289214171,0.05639026584989071,0.12463850319757301
10586849,0.018468622535070717,0.09944993515686082,0.04691857451124589,0.13401794704021755,0.07085126463580116,0.15264481258072388,0.1382922720144953,0.20605105516074299,0.1333055163648417
10587734,0.0656264741114541,0.0780365214500833,0.034380659797586886,0.042377681617888824,0.05593851773025221,0.21096012400864922,0.19593805788600382,0.1966205684906086,0.12012139490747305
10587840,0.048557098688914814,0.05498601139207644,0.05559344827885547,0.07894668590129872,0.04440011362149533,0.13877559472312762,0.08808678335261466,0.18951600347736114,0.3011382605642558
10588529,0.009265077400999943,0.007388537011480956,0.007836703419677293,0.0055519957080554135,0.004703342213074278,0.027844345596865362,0.8661890887333381,0.01819081626097627,0.053030093655532316
10588664,0.022756592089905915,0.016121621115229644,0.01972476783400813,0.012982489235879312,0.009065197943078786,0.049079357831238124,0.5269534825631642,0.04939942276891239,0.2939170686185834
10588792,0.01182592600970853,0.010403687498803292,0.013176569329523297,0.009439206278846772,0.0071198933482290215,0.036574854040110696,0.7628617998280305,0.032450964349068176,0.11614709931767978
10589349,0.016693457968596677,0.026775009019903206,0.04211086054783005,0.01929915986287931,0.012131016404872113,0.09315915475060502,0.27732498885387513,0.0661994071787818,0.44630694541265675
10589410,0.09098693336883874,0.029265142561113084,0.0644792920874416,0.0717481322382952,0.028995931136440285,0.09962250166710572,0.07811037117169242,0.11876069868752596,0.4180309970815469
10589411,0.026167061304007803,0.024410935761241627,0.0364131347415807,0.026259247957712083,0.027125376812325575,0.07772794130738608,0.1227868869562675,0.05945456125480299,0.5996548539046757
10589472,0.030205741465766284,0.017271959402212968,0.02493892778983289,0.016079427298986582,0.019740619200274923,0.04817066620161705,0.09620207398126238,0.044321962152955,0.7030686225070919
10589485,0.030245989234516102,0.025150988674666912,0.037634290089278585,0.04107830388238122,0.0320614601843552,0.050888271289223096,0.05347607774335859,0.056776385196577794,0.6726882337056426
10589763,0.01131655016849306,0.2296389091412947,0.026283487708728577,0.0456763129593421,0.023270025484048707,0.3525733582746582,0.12925147013385158,0.06045479969161869,0.12153508643796433
10590733,0.012644482606006344,0.07563647435953649,0.02200098394672318,0.11518508452377214,0.06897679351636105,0.35519705679741387,0.03674916479110961,0.25833440915987155,0.05527555029920582
10592587,0.20243330631100998,0.0755954376614845,0.03889872286411518,0.042075233285453886,0.15344221012220016,0.12695414959146736,0.048774074155187384,0.16774262171794677,0.1440842442911348
10592944,0.010156733577857083,0.16683549510153117,0.09297388108552226,0.19213424643048976,0.09455119987769897,0.08681236853075829,0.026927422211935437,0.11161235513879494,0.21799629804541204
10595034,0.06863302240371556,0.09376211410965266,0.04061557622960809,0.06940486667109577,0.18412148184657298,0.11260909442178449,0.03282344311406499,0.1770319341475844,0.22099846705592102
10596119,0.02734955742390279,0.16132623753279157,0.036962699251780994,0.0666095826895178,0.06778394704158343,0.16376836571191994,0.07454093759319605,0.18251968278044378,0.21913898997486364
10599481,0.012159366722289016,0.0646251197735315,0.013153384545183566,0.021788544650679274,0.02388175862577454,0.27286928631657675,0.4274724336236866,0.08865415569211152,0.07539595005016728
10599552,0.315313545965301,0.09643797856076779,0.055949238325010184,0.049771064400170664,0.02261022966084598,0.13748307192855036,0.12756571986236093,0.0887760675752331,0.10609308372176003
10599609,0.029337035987562245,0.018259831040464036,0.03913114074251407,0.02487838251516112,0.010710771562406038,0.0977241795616955,0.36757848188059883,0.08059770134273415,0.331782475366864
10599643,0.01277357999796824,0.04369801545521573,0.020527111459010528,0.035132539394428675,0.018958202136391794,0.20540758345598267,0.4022269081213009,0.09230666181248959,0.16896939816721193
10599718,0.12066731949513962,0.15494499171200027,0.057072456338947475,0.11978799016294217,0.06483576880252317,0.1480860789362044,0.06233661622456611,0.12574337554538803,0.14652540278228876
10599755,0.015722390082761255,0.042910090003324165,0.03448171502811671,0.045882220651695636,0.023117929286294477,0.3222033468402588,0.22193146504434855,0.12166799747320638,0.17208284558999404
